Date,Week No,Month No,Year,Refinance,Mortgage Rate,Inflation,Housing Price Index,Treasury Yield,Unemployment Rate,GDP,Business Confidence Index,Consumer Confidence Index,Initial Unemployment Claim,Disposable Income,predicted_Refinance
2022-08-08,32,8,2022,,5.4055371900826445,9.1,274.25335819721084,2.3796805555555554,3.6,2.5,96.60053063749639,105.13846153846156,213138.5625,18423.057142857146,855.29
2022-08-15,33,8,2022,,5.4055371900826445,9.1,274.25335819721084,2.3796805555555554,3.6,2.5,96.60053063749639,105.13846153846156,213138.5625,18423.057142857146,855.29
2022-08-22,34,8,2022,,5.4055371900826445,9.1,274.25335819721084,2.3796805555555554,3.6,2.5,96.60053063749639,105.13846153846156,213138.5625,18423.057142857146,855.29
2022-08-29,35,8,2022,,5.4055371900826445,9.1,274.25335819721084,2.3796805555555554,3.6,2.5,96.60053063749639,105.13846153846156,213138.5625,18423.057142857146,855.29
2022-09-05,36,9,2022,,5.4055371900826445,9.1,274.25335819721084,2.3796805555555554,3.6,2.5,96.60053063749639,105.13846153846156,213138.5625,18423.057142857146,855.29
2022-09-12,37,9,2022,,5.4055371900826445,9.1,274.25335819721084,2.3796805555555554,3.6,2.5,96.60053063749639,105.13846153846156,213138.5625,18423.057142857146,855.29
2022-09-19,38,9,2022,,5.4055371900826445,9.1,274.25335819721084,2.3796805555555554,3.6,2.5,96.60053063749639,105.13846153846156,213138.5625,18423.057142857146,855.29
2022-09-26,39,9,2022,,5.4055371900826445,9.1,274.25335819721084,2.3796805555555554,3.6,2.5,96.60053063749639,105.13846153846156,213138.5625,18423.057142857146,855.29
2022-10-02,40,10,2022,,5.4055371900826445,9.1,274.25335819721084,2.3796805555555554,3.6,2.5,96.60053063749639,105.13846153846156,213138.5625,18423.057142857146,855.29
2022-10-09,41,10,2022,,5.4055371900826445,9.1,274.25335819721084,2.3796805555555554,3.6,2.5,96.60053063749639,105.13846153846156,213138.5625,18423.057142857146,855.29
2022-10-16,42,10,2022,,5.4055371900826445,9.1,274.25335819721084,2.3796805555555554,3.6,2.5,96.60053063749639,105.13846153846156,213138.5625,18423.057142857146,855.29
2022-10-23,43,10,2022,,5.4055371900826445,9.1,274.25335819721084,2.3796805555555554,3.6,2.5,96.60053063749639,105.13846153846156,213138.5625,18423.057142857146,855.29
2022-10-30,44,10,2022,,5.4055371900826445,9.1,274.25335819721084,2.3796805555555554,3.6,2.5,96.60053063749639,105.13846153846156,213138.5625,18423.057142857146,855.29
